CAZUL 0
Radix10: 0.17856648 0.5195034 0.9
Radix256: 0.09385669 0.324405 0.9
Shell: 0.16623424 0.6430184 0.9
Merge: 0.11853935 0.4634022 0.9
Quick: 0.10055006 0.3424042 0.9
Heap: 0.21766163 0.7714015 0.9
CAZUL 1
Radix10: 0.08605761 0.3860921 1.6
Radix256: 0.03790093 0.1620495 1.6
Shell: 0.02626303 0.1226613 1.6
Merge: 0.04605094 0.2084102 1.6
Quick: 0.04560729 0.2033423 1.6
Heap: 0.03215272 0.1330189 1.6
CAZUL 2
Radix10: 0.1451825 0.4505994 2.3
Radix256: 0.0688808 0.2290367 2.3
Shell: 0.07040912 0.2375633 2.3
Merge: 0.09018466 0.3084524 2.3
Quick: 0.08744335 0.3211414 2.3
Heap: 0.23437508 0.8091914 2.3
CAZUL 3
Radix10: 0.09701223 0.2972574 3.9
Radix256: 0.04475718 0.1263478 3.9
Shell: 0.02902081 0.0884042 3.9
Merge: 0.05742777 0.1713246 3.9
Quick: 0.0498879 0.1505098 3.9
Heap: 0.15085437 0.5157644 3.9
